r	area
484	4
486	4
532	4
533	4
534	4
535	4
536	4
537	4
538	4
581	4
582	4
583	4
584	4
585	4
586	4
625	4
626	4
627	4
628	4
629	4
630	4
631	4
632	4
633	4
674	4
675	4
676	4
677	4
678	4
679	4
680	4
681	4
682	4
683	4
721	1
722	3
723	3
724	2
725	2
726	4
727	4
728	4
729	4
730	4
731	4
732	4
770	1
771	1
772	3
773	3
774	3
775	2
776	2
777	4
778	4
779	4
780	4
781	4
782	4
815	1
816	1
819	1
820	1
821	1
822	3
823	3
824	3
825	2
826	2
827	2
864	1
865	1
866	1
867	1
868	1
870	1
871	1
872	1
873	2
874	2
875	2
876	2
915	1
916	1
917	1
918	1
919	1
920	1
921	1
922	2
923	2
924	2
967	3
968	3
969	2
970	2
971	2
1016	3
1017	3
1018	3
1019	3
1020	3
1069	3
